JST,TempMax,TempMed,TempMin,rocio,roMed,roMin,MaxHum,MedHum,MinHum,MaxHpa,MedHpa,MinHpa,MaxVis,MedVis,MinVis,MaxVientoKm/h,MedVientoKm/h,MaxRafagasKm/h,Precipitacionmm,CloudCover,Eventos,vientoDir
01-01-2014,15,9,3,1,-1,-3,81,47,34,1008,1005,1001,10,10,10,40,19,58,0.00,1, ,231
02-01-2014,12,8,4,0,-3,-7,65,46,35,1017,1011,1006,10,10,10,29,16,,0.00,1, ,323
03-01-2014,8,7,5,-2,-4,-7,53,46,39,1018,1015,1010,10,10,10,21,13,,0.00,3, ,24
04-01-2014,11,7,3,0,-3,-6,65,51,37,1012,1009,1007,10,10,10,35,13,53,0.00,2, ,334
05-01-2014,7,6,5,-4,-6,-8,53,44,36,1018,1016,1012,10,10,10,37,27,53,0.00,5,Lluvia,16
06-01-2014,10,7,4,-5,-7,-11,49,40,22,1024,1021,1018,10,10,10,42,26,58,0.00,1, ,348
07-01-2014,10,7,3,3,-4,-9,66,51,36,1029,1025,1022,10,10,10,26,16, ,0.00,3, ,42
08-01-2014,14,8,3,10,2,-7,94,71,45,1021,1013,1004,10,8,2,29,11, ,0.00,5,Lluvia,353
09-01-2014,9,7,4,6,1,-10,93,68,36,1014,1007,1000,10,8,2,45,24,66,0.00,6,Lluvia,3
10-01-2014,6,3,1,-7,-11,-15,48,34,21,1023,1019,1014,10,10,10,45,34,64,0.00,3, ,345
11-01-2014,7,3,0,-2,-5,-9,65,51,39,1025,1023,1022,10,10,10,16,8, ,0.00,1, ,48
12-01-2014,10,6,1,0,-3,-6,65,53,43,1024,1018,1013,10,10,10,19,10, ,0.00,2, ,300
13-01-2014,8,6,3,-3,-7,-12,57,40,29,1023,1019,1014,10,10,10,37,21, ,0.00,3, ,346
14-01-2014,7,4,2,-5,-10,-12,46,36,27,1027,1025,1023,10,10,10,37,26,52,0.00,5, ,354
15-01-2014,5,4,3,-3,-6,-8,61,49,45,1027,1025,1023,10,10,10,27,21, ,0.00,5, ,7
16-01-2014,8,4,0,0,-6,-8,66,49,32,1024,1022,1020,10,10,10,23,14, ,0.00,2,Lluvia,354
17-01-2014,9,7,4,-1,-5,-10,65,45,29,1019,1018,1017,10,10,10,32,18, ,0.00,4,Lluvia,3
18-01-2014,7,6,4,1,-4,-8,70,50,39,1019,1015,1011,10,10,10,26,16, ,0.00,4, ,60
19-01-2014,7,4,2,0,-8,-13,81,43,23,1022,1017,1011,10,10,10,42,27,66,0.00,2,Lluvia,344
20-01-2014,8,4,2,3,-6,-14,71,47,26,1023,1018,1010,10,10,10,21,11, ,0.00,2, ,20
21-01-2014,10,6,2,2,-3,-6,87,54,40,1014,1010,1008,10,10,10,32,13, ,0.00,4,Lluvia,22
22-01-2014,8,4,2,2,-3,-10,93,60,31,1019,1016,1014,10,9,5,26,18, ,0.00,4,Lluvia-Nieve,17
23-01-2014,10,6,2,0,-7,-11,61,39,24,1025,1021,1019,10,10,10,29,14, ,0.00,1, ,315
24-01-2014,13,7,2,1,-2,-7,61,50,36,1025,1021,1018,10,10,10,34,11,48,0.00,3, ,293
25-01-2014,13,8,3,5,1,-3,76,64,54,1019,1016,1010,10,7,5,52,8,71,0.00,3, ,18
26-01-2014,15,9,4,10,1,-10,88,56,34,1017,1009,1005,10,10,9,52,35,76,0.00,4,Lluvia,292
27-01-2014,7,3,1,1,-8,-13,66,41,29,1024,1022,1017,10,10,10,47,29,55,0.00,3, ,34
28-01-2014,15,8,2,1,-4,-8,61,41,22,1022,1016,1012,10,10,10,45,18,61,0.00,2, ,242
29-01-2014,11,8,5,6,-2,-9,76,48,32,1023,1021,1016,10,10,10,35,23,53,0.00,2, ,3
30-01-2014,17,11,5,11,6,-1,88,69,52,1022,1015,1004,10,10,7,47,19,66,0.00,3,Lluvia,221
31-01-2014,14,10,6,9,0,-8,77,49,30,1022,1013,1004,10,10,10,35,19, ,0.00,1, ,343
01-02-2014,10,7,4,5,-2,-7,81,55,37,1023,1021,1018,10,10,10,23,11, ,0.00,1, ,46
02-02-2014,12,9,6,10,6,0,94,80,61,1018,1010,1005,10,7,2,16,8, ,0.00,5,Niebla-Lluvia,331
03-02-2014,18,13,9,13,9,6,100,86,64,1006,1003,998,10,4,0,34,11,50,0.00,5,Niebla,276
04-02-2014,13,7,1,9,2,-10,93,80,44,1011,1005,999,10,7,1,45,29,58,0.00,5,Lluvia-Nieve,25
05-02-2014,4,2,0,-9,-12,-14,48,38,26,1021,1016,1011,10,10,10,42,34,64,0.00,2, ,337
06-02-2014,6,3,0,-8,-11,-13,48,38,33,1023,1021,1019,10,10,10,34,24,52,0.00,5, ,348
07-02-2014,6,3,2,-4,-8,-11,53,43,29,1022,1020,1018,10,10,10,29,24, ,0.00,4, ,27
08-02-2014,4,2,0,1,-1,-4,100,90,56,1019,1011,1002,10,2,0,55,32,82,0.00,6,Nieve,354
09-02-2014,9,4,1,1,-2,-4,93,63,43,1012,1006,1002,10,9,4,58,39,80,0.00,4,Lluvia-Nieve,351
10-02-2014,9,7,4,-1,-6,-8,57,44,32,1018,1016,1012,10,10,10,32,21,50,0.00,5, ,2
11-02-2014,5,3,2,-1,-4,-8,75,58,42,1020,1019,1017,10,10,10,37,26, ,0.00,6,Lluvia-Nieve,17
12-02-2014,7,4,3,0,-3,-7,61,55,48,1021,1020,1018,10,10,10,39,32,50,0.00,5, ,17
13-02-2014,7,4,3,-3,-4,-6,65,52,42,1026,1023,1020,10,10,10,21,14, ,0.00,6, ,54
14-02-2014,6,3,0,1,-1,-6,100,88,42,1028,1024,1017,10,3,0,39,27,55,0.00,6,Lluvia-Nieve,352
15-02-2014,7,3,0,3,1,-3,100,84,49,1017,1004,998,10,7,0,53,37,74,0.00,6,Lluvia-Nieve,325
16-02-2014,11,8,5,-2,-6,-10,57,40,26,1021,1013,1002,10,10,10,64,29,77,0.00,2, ,316
17-02-2014,13,8,4,-1,-6,-9,46,38,27,1021,1019,1016,10,10,10,47,27,63,0.00,1, ,316
18-02-2014,8,6,3,-6,-8,-11,49,39,27,1018,1017,1015,10,10,10,39,31,58,0.00,4, ,341
19-02-2014,9,6,2,-6,-8,-10,52,40,27,1020,1018,1017,10,10,10,37,27,53,0.00,5, ,345
20-02-2014,7,4,2,-1,-6,-9,61,47,34,1023,1021,1019,10,10,10,32,18, ,0.00,4, ,23
21-02-2014,9,6,3,-3,-8,-10,57,39,27,1024,1021,1019,10,10,10,35,23, ,0.00,2, ,349
22-02-2014,9,6,2,-4,-8,-10,48,40,27,1027,1025,1024,10,10,10,27,19, ,0.00,3, ,8
23-02-2014,8,6,4,1,-4,-8,66,50,39,1029,1027,1025,10,10,10,23,18, ,0.00,5,Lluvia,9
24-02-2014,8,7,5,2,-2,-6,70,57,42,1028,1026,1024,10,10,10,23,16, ,0.00,5,Lluvia,28
25-02-2014,12,8,4,1,-2,-5,70,53,37,1025,1024,1021,10,10,10,26,13, ,0.00,2, ,26
26-02-2014,13,9,6,5,0,-6,81,56,40,1030,1028,1026,10,9,8,23,11, ,0.00,1, ,100
27-02-2014,14,11,8,12,7,2,94,82,66,1028,1022,1015,10,6,3,35,11,53,0.00,6,Lluvia,159
28-02-2014,17,13,10,13,8,2,94,75,37,1019,1015,1011,10,8,4,47,24,64,0.00,5,Lluvia,25
01-03-2014,11,9,7,7,6,5,93,82,71,1019,1017,1015,10,8,5,24,18, ,0.00,6,Lluvia,33
02-03-2014,7,6,5,5,4,3,93,89,81,1015,1014,1012,10,7,4,34,23, ,0.00,6,Lluvia,9
03-03-2014,10,8,5,4,-1,-9,93,63,32,1027,1021,1015,10,10,9,34,23, ,0.00,5,Lluvia,4
04-03-2014,9,6,3,3,-3,-8,71,53,39,1030,1027,1023,10,10,10,27,19, ,0.00,4,Lluvia,57
05-03-2014,10,8,5,6,4,-1,93,86,50,1023,1010,1000,10,5,2,42,18,60,0.00,5,Lluvia,353
06-03-2014,9,7,4,-2,-8,-12,50,36,27,1018,1012,1003,10,10,10,55,42,84,0.00,2, ,343
07-03-2014,8,4,2,-2,-8,-15,65,41,21,1021,1019,1017,10,10,10,37,27,58,0.00,4, ,347
08-03-2014,9,4,1,-1,-7,-9,53,42,30,1019,1017,1015,10,10,10,32,14, ,0.00,2, ,325
09-03-2014,9,7,4,2,-4,-9,81,51,36,1017,1012,1006,10,10,10,32,19, ,0.00,3, ,57
10-03-2014,8,6,2,3,-8,-14,81,40,20,1019,1011,1006,10,10,10,45,27,63,0.00,3, ,332
11-03-2014,10,6,1,1,-9,-17,70,37,15,1025,1022,1020,10,10,10,39,21,48,0.00,1, ,248
12-03-2014,16,10,4,4,-1,-5,61,47,27,1021,1018,1015,10,10,10,32,13, ,0.00,1, ,222
13-03-2014,18,13,8,16,10,2,100,86,58,1016,1004,991,10,6,1,60,21,82,0.00,5,Lluvia,188
14-03-2014,13,10,7,10,1,-8,88,56,32,1011,1003,993,10,10,9,37,21,52,0.00,5,Lluvia,10
15-03-2014,11,8,5,3,-4,-8,71,44,26,1020,1016,1012,10,10,10,39,29,55,0.00,3, ,354
16-03-2014,18,11,4,4,1,-1,81,52,32,1020,1016,1012,10,10,10,42,18,61,0.00,1, ,276
17-03-2014,16,11,7,8,2,-3,87,55,42,1025,1023,1021,10,10,10,29,13, ,0.00,1, ,118
18-03-2014,20,14,8,12,9,4,82,66,46,1021,1011,1004,10,9,4,52,21,72,0.00,3,Lluvia,228
19-03-2014,13,11,10,5,1,-3,71,52,40,1020,1015,1008,10,10,10,42,31,55,0.00,4, ,56
20-03-2014,10,8,7,8,6,4,93,86,66,1018,1006,992,10,7,4,29,18, ,0.00,6,Lluvia,345
21-03-2014,14,10,7,5,-3,-10,76,41,21,1010,1000,992,10,10,10,55,24,69,0.00,3,Lluvia,330
22-03-2014,13,9,5,3,-4,-9,62,39,26,1020,1017,1011,10,10,10,34,24, ,0.00,2, ,307
23-03-2014,16,11,7,4,-3,-7,62,38,20,1022,1021,1020,10,10,10,34,23,52,0.00,1, ,303
24-03-2014,18,13,8,7,1,-7,66,45,19,1025,1022,1019,10,10,10,34,14,50,0.00,1, ,192
25-03-2014,22,16,11,9,5,0,67,50,23,1019,1015,1011,10,10,10,34,19, ,0.00,1, ,199
26-03-2014,19,16,12,14,9,3,88,68,43,1015,1011,1007,10,10,10,37,13,58,0.00,6,Lluvia,200
27-03-2014,16,13,10,13,9,5,94,82,62,1017,1009,1005,10,7,3,35,18, ,0.00,6,Lluvia,20
28-03-2014,20,14,8,9,6,-2,87,62,24,1021,1019,1017,10,9,8,34,13, ,0.00,1, ,203
29-03-2014,21,17,14,11,8,5,72,54,38,1018,1014,1010,10,10,10,40,26,55,0.00,2, ,203
30-03-2014,19,17,14,17,13,4,94,82,45,1009,995,984,10,8,2,61,35,84,0.00,6,Lluvia-Tormenta,205
31-03-2014,20,16,12,4,-1,-6,54,35,20,1011,1004,992,10,10,10,53,32,69,0.00,1, ,326
01-04-2014,16,13,11,5,1,-3,62,43,29,1020,1017,1012,10,10,10,27,19, ,0.00,2, ,79
02-04-2014,18,14,10,12,7,3,82,62,45,1023,1021,1020,10,10,10,23,10, ,0.00,4,Lluvia,40
03-04-2014,15,14,13,14,12,10,100,92,82,1020,1013,1005,10,5,1,19,10, ,0.00,6,Lluvia,328
04-04-2014,21,16,11,13,9,-2,100,71,41,1004,995,988,10,7,3,55,21,77,0.00,4,Lluvia,299
05-04-2014,14,11,8,7,-1,-5,67,43,30,1010,1007,1000,10,10,10,40,31,64,0.00,4,Lluvia,343
06-04-2014,11,9,7,6,2,-6,93,65,35,1013,1008,1005,10,9,5,37,18,55,0.00,5,Lluvia-Tormenta,346
07-04-2014,15,10,5,6,-1,-7,67,47,30,1015,1013,1011,10,10,10,32,21,48,0.00,1, ,217
08-04-2014,21,14,8,11,6,1,88,59,28,1015,1012,1010,10,10,10,21,10, ,0.00,1, ,164
09-04-2014,18,14,12,12,8,1,82,67,44,1018,1015,1013,10,10,10,23,14, ,0.00,3, ,51
10-04-2014,22,16,10,13,6,-4,82,54,33,1013,1009,1003,10,10,8,58,19,77,0.00,2,Lluvia,346
11-04-2014,17,12,8,3,-4,-10,48,33,16,1018,1016,1012,10,10,10,55,32,85,0.00,1, ,328
12-04-2014,18,13,9,3,-4,-8,42,30,21,1019,1017,1015,10,10,10,27,16, ,0.00,1, ,331
13-04-2014,17,13,11,7,1,-6,67,42,23,1019,1017,1016,10,10,10,29,11, ,0.00,1, ,94
14-04-2014,16,13,12,9,6,4,72,60,51,1017,1016,1015,10,10,10,26,13, ,0.00,4,Lluvia,52
15-04-2014,20,15,10,9,7,5,72,56,40,1017,1013,1009,10,10,10,39,16,55,0.00,1, ,209
16-04-2014,23,18,13,13,8,3,82,57,27,1014,1011,1009,9,8,7,35,11,29,0.00, , ,172
17-04-2014,20,17,13,15,10,4,88,67,48,1015,1012,1011,10,8,5,26,14, ,0.00,1, ,73
18-04-2014,17,13,9,15,9,7,94,83,67,1015,1013,1011,10,9,5,34,18, ,0.00,6,Lluvia,33
19-04-2014,16,12,9,7,6,3,87,68,45,1023,1017,1013,10,10,10,37,24, ,0.00,5,Lluvia,47
20-04-2014,13,10,7,8,5,3,77,68,54,1024,1023,1021,10,10,10,32,19, ,0.00,6,Lluvia,70
21-04-2014,17,13,10,14,12,9,100,91,72,1021,1016,1009,10,5,1,27,11,48,0.00,6,Lluvia,119
22-04-2014,17,14,13,13,12,11,100,86,68,1013,1010,1007,10,9,3,27,19, ,0.00,5,Lluvia,52
23-04-2014,19,16,12,12,7,0,88,61,28,1018,1015,1013,10,10,7,29,14, ,0.00,3,Lluvia,161
24-04-2014,19,16,13,10,8,4,77,62,37,1025,1022,1019,10,10,10,29,14, ,0.00,1, ,122
25-04-2014,22,17,13,12,9,0,82,60,23,1025,1024,1023,10,9,7,32,16, ,0.00,1, ,205
26-04-2014,22,18,14,13,10,6,77,63,38,1028,1026,1024,10,9,6,32,14, ,0.00,1, ,194
27-04-2014,21,17,14,11,10,6,82,62,46,1027,1024,1021,10,10,10,39,21,55,0.00,1, ,191
28-04-2014,22,18,15,12,9,7,68,58,43,1021,1019,1016,10,10,10,42,26,48,0.00,3, ,202
29-04-2014,20,18,16,13,12,10,82,68,56,1019,1017,1016,10,10,10,29,18, ,0.00,6,Lluvia,197
30-04-2014,18,16,14,17,15,12,94,91,88,1018,1014,1012,10,7,2,52,21,64,0.00,6,Lluvia,161
01-05-2014,23,20,18,17,16,12,94,79,53,1012,1009,1005,10,8,1,39,27,53,0.00,4,Lluvia,181
02-05-2014,24,20,17,15,14,13,88,71,53,1012,1010,1009,10,10,10,26,11,,0.00,2, ,106
03-05-2014,25,21,17,17,13,9,88,66,47,1013,1009,1006,10,10,9,42,16,52,0.00,2,Niebla,200
04-05-2014,23,19,15,9,3,-4,59,39,17,1021,1017,1013, , , ,42,31,61,0.00, , ,69
05-05-2014,20,18,15,15,13,9,83,75,59,1021,1015,1013,10,10,10,45,21,55,0.00,5,Lluvia,175
06-05-2014,17,14,13,16,12,7,94,81,63,1016,1013,1011,10,9,3,39,27,53,0.00,5,Lluvia,354
07-05-2014,20,16,12,12,9,7,82,64,43,1019,1017,1016,10,10,9,29,16,,0.00,1, ,125
08-05-2014,21,18,15,14,13,9,82,69,56,1018,1015,1011,10,10,10,45,24,61,0.00,3, ,186
09-05-2014,26,20,13,15,11,5,83,60,30,1012,1009,1004,10,10,7,66,29,89,0.00,2,Lluvia,186
10-05-2014,24,18,13,9,3,-3,77,37,17,1019,1015,1012,10,10,10,42,21,60,0.00,1, ,333
11-05-2014,24,20,17,13,6,3,68,41,25,1022,1021,1019,10,10,10,27,19, ,0.00,1, ,128
12-05-2014,23,19,16,14,12,9,82,62,41,1022,1016,1010,10,10,10,53,27,72,0.00,4,Lluvia,195
13-05-2014,21,19,17,19,17,14,100,90,77,1009,1005,1002,10,7,2,37,26,58,0.00,5,Lluvia,182
14-05-2014,26,21,17,18,17,13,100,79,60,1008,1005,1002,10,6,3,40,13,55,0.00,1,Niebla,180
15-05-2014,20,18,17,18,15,13,94,80,64,1001,995,991,10,9,3,29,18, ,0.00,6,Lluvia,97
16-05-2014,24,21,18,15,10,0,68,51,23,1001,997,994,10,10,10,39,19,58,0.00,3,Lluvia,293
17-05-2014,25,20,16,11,7,4,56,42,26,1010,1006,1001,10,10,10,37,21,47,0.00,1, ,309
18-05-2014,25,20,16,13,9,5,77,52,29,1014,1012,1011,10,10,10,29,14, ,0.00,1, ,135
19-05-2014,24,20,17,17,14,11,88,70,50,1016,1014,1012,10,10,9,24,11, ,0.00,1, ,104
20-05-2014,25,21,18,17,16,12,94,74,50,1014,1012,1008,10,8,3,29,13, ,0.00,2,Lluvia,154
21-05-2014,19,17,16,18,16,11,100,88,60,1007,997,992,10,6,2,39,24,58,0.00,6,Lluvia,11
22-05-2014,22,18,15,15,13,11,94,77,57,1012,1005,999,10,9,1,37,16,63,0.00,4,Lluvia-Tormenta,101
23-05-2014,21,17,14,14,11,10,82,68,49,1019,1016,1012,10,10,10,27,19, ,0.00,3, ,123
24-05-2014,24,19,15,16,14,13,88,69,53,1019,1016,1014,10,10,9,42,21,66,0.00,1, ,204
25-05-2014,25,22,19,18,17,15,88,73,54,1014,1013,1011,10,10,10,27,21, ,0.00,1, ,191
26-05-2014,24,21,19,17,17,15,88,75,61,1012,1009,1006,10,10,9,45,27,61,0.00,4,Lluvia,197
27-05-2014,25,21,18,20,18,16,100,86,65,1006,1002,1000,10,8,2,29,18, ,0.00,5,Lluvia,46
28-05-2014,27,23,19,19,18,13,94,80,44,1007,1005,1004,10,9,7,29,14,45,0.00,3, ,135
29-05-2014,26,22,19,18,17,13,88,74,47,1011,1008,1006,10,9,7,27,16, ,0.00,1, ,195
30-05-2014,27,23,19,19,18,14,94,76,45,1012,1011,1010,10,8,5,32,13, ,0.00,1, ,181
31-05-2014,30,24,19,20,18,11,94,71,31,1012,1011,1009,10,7,4,27,14, ,0.00,1, ,175
01-06-2014,31,26,20,19,18,13,88,70,33,1013,1012,1010,10,7,4,27,14, ,0.00,1,Niebla,202
02-06-2014,29,24,20,22,19,17,94,78,55,1015,1013,1012,9,4,1,21,11, ,0.00,1,Niebla,117
03-06-2014,27,23,20,20,18,17,88,77,61,1015,1013,1011,10,7,5,29,13, ,0.00,3, ,86
04-06-2014,27,23,20,20,18,15,88,73,57,1013,1012,1011,10,8,4,32,11, ,0.00,1, ,119
05-06-2014,22,20,19,19,18,16,94,82,69,1012,1010,1008,10,9,2,39,23, ,0.00,6,Lluvia,89
06-06-2014,21,20,20,20,19,17,100,93,83,1008,1005,1004,10,6,2,45,34, ,0.00,6,Lluvia,75
07-06-2014,20,19,18,19,17,17,100,93,88,1007,1006,1004,10,6,2,48,35,55,0.00,6,Lluvia,21
08-06-2014,23,20,18,20,18,17,94,88,73,1010,1006,1003,10,9,4,29,19, ,0.00,6,Lluvia,277
09-06-2014,24,21,19,21,20,18,100,92,83,1013,1011,1009,10,8,3,24,10, ,0.00,4,Lluvia,97
10-06-2014,26,23,20,21,20,19,100,87,69,1014,1012,1011,10,8,5,24,14, ,0.00,4,Lluvia,96
11-06-2014,22,21,20,21,21,19,100,94,88,1011,1006,1002,10,7,2,26,14, ,0.00,6,Lluvia,58
12-06-2014,24,22,21,21,21,19,100,92,78,1001,994,991,10,7,2,39,23,47,0.00,5,Lluvia,23
13-06-2014,29,24,19,20,19,17,94,74,48,1001,995,991,10,10,10,35,16,48,0.00,2,Lluvia,190
14-06-2014,28,24,21,20,17,14,88,65,45,1004,1002,1001,10,10,10,34,13, ,0.00,1,Lluvia,149
15-06-2014,28,24,20,19,17,13,88,69,39,1006,1005,1003,10,10,10,29,14,45,0.00,1, ,114
16-06-2014,28,24,22,20,18,16,83,70,48,1006,1004,1003,10,9,6,29,13, ,0.00,1, ,177
17-06-2014,27,23,20,21,19,17,94,78,57,1007,1006,1005,10,7,6,32,16, ,0.00,2, ,161
18-06-2014,23,22,21,20,18,15,88,78,61,1005,1003,1001,10,8,5,27,13, ,0.00,5,Lluvia,134
19-06-2014,28,24,21,19,17,15,83,65,45,1006,1004,1002,10,10,8,35,16,47,0.00,2,Lluvia,138
20-06-2014,26,23,22,19,18,16,83,71,57,1010,1008,1007,10,10,10,40,24,53,0.00,3,Lluvia,186
21-06-2014,26,23,22,20,19,19,88,78,65,1011,1009,1007,10,10,9,34,19,50,0.00,4, ,187
22-06-2014,23,22,21,20,19,18,88,83,73,1007,1004,1002,10,10,9,21,11, ,0.00,6,Lluvia,84
23-06-2014,27,23,21,20,18,17,83,73,54,1005,1004,1003,10,10,10,32,13, ,0.00,4,Lluvia,183
24-06-2014,25,23,21,20,19,18,94,83,69,1008,1005,1004,10,10,8,35,16, ,0.00,6,Lluvia-Tormenta,137
25-06-2014,26,23,20,21,19,19,94,84,69,1012,1010,1008,10,8,5,29,10,47,0.00,5,Lluvia,40
26-06-2014,27,23,21,21,19,18,88,80,65,1012,1011,1010,10,9,6,21,13, ,0.00,4,Lluvia,75
27-06-2014,26,23,22,21,21,20,94,82,69,1011,1009,1007,10,10,10,24,14, ,0.00,5,Lluvia,86
28-06-2014,24,23,22,22,21,21,94,92,83,1007,1004,1001,10,9,3,29,19, ,0.00,6,Lluvia,70
29-06-2014,28,24,21,23,21,19,100,89,65,1005,1001,999,10,8,0,48,16,61,0.00,5,Lluvia-Tormenta,39
30-06-2014,26,23,21,21,19,18,88,80,69,1009,1008,1005,10,10,10,26,16, ,0.00,5, ,97
01-07-2014,28,24,21,21,20,19,94,77,58,1011,1010,1008,10,10,10,29,14, ,0.00,4,Lluvia,120
02-07-2014,29,26,22,21,20,18,94,76,58,1012,1010,1008,10,10,10,26,14, ,0.00,2, ,122
03-07-2014,27,24,22,22,21,19,94,82,61,1010,1007,1005,10,9,6,32,16, ,0.00,4,Lluvia,185
04-07-2014,23,22,21,21,20,19,100,91,83,1006,1004,1004,10,8,4,26,16, ,0.00,6,Lluvia,32
05-07-2014,23,21,20,20,19,19,100,88,78,1011,1008,1005,10,9,3,26,19, ,0.00,5,Lluvia,39
06-07-2014,27,23,21,21,19,18,94,80,61,1012,1011,1010,10,10,8,27,13, ,0.00,2, ,115
07-07-2014,26,23,21,22,21,20,94,89,78,1009,1007,1004,10,9,3,24,18,37,0.00,6,Lluvia,180
08-07-2014,31,26,22,22,21,18,100,77,51,1012,1009,1006,10,9,3,27,10,45,0.00,2,Lluvia,138
09-07-2014,25,24,23,23,22,20,100,92,78,1012,1010,1007,10,7,2,29,16, ,0.00,6,Lluvia-Tormenta,121
10-07-2014,28,26,24,25,23,23,94,89,79,1006,1000,993,10,9,4,47,27,64,0.00,5,Lluvia,187
11-07-2014,33,28,23,25,23,22,100,83,62,998,992,989,10,8,3,42,24,63,0.00,5,Lluvia,182
12-07-2014,32,28,25,24,22,19,89,73,52,1005,1002,998,10,10,10,29,13, ,0.00,3,Lluvia,120
13-07-2014,27,26,24,24,22,19,89,81,61,1005,1003,1001,10,9,5,40,19,63,0.00,5,Lluvia,186
14-07-2014,31,28,25,25,23,22,89,81,70,1009,1004,1001,10,10,9,29,18, ,0.00,4,Lluvia,160
15-07-2014,31,27,24,24,22,20,83,72,58,1013,1011,1009,10,10,10,26,14, ,0.00,3, ,116
16-07-2014,31,27,24,24,23,22,94,81,62,1013,1010,1007,10,8,5,34,16,48,0.00,2, ,176
17-07-2014,29,27,24,24,23,21,89,82,70,1013,1012,1010,10,9,7,23,14, ,0.00,4,Lluvia,92
18-07-2014,27,24,23,23,22,20,100,87,74,1014,1013,1012,10,8,2,24,16, ,0.00,6,Lluvia-Tormenta,76
19-07-2014,26,23,22,22,21,20,94,86,78,1014,1013,1012,10,10,6,26,14, ,0.00,6,Lluvia,66
20-07-2014,28,24,22,23,21,20,94,83,65,1012,1010,1008,10,8,1,32,13,32,0.00,4,Lluvia-Tormenta,88
21-07-2014,28,24,22,22,21,21,94,82,66,1012,1011,1009,10,10,7,29,11, ,0.00,4,Lluvia,119
22-07-2014,30,27,24,24,23,22,89,80,62,1010,1008,1006,10,10,8,32,16, ,0.00,3, ,186
23-07-2014,32,28,25,25,24,23,94,79,62,1006,1004,1002,10,8,6,27,13, ,0.00,1, ,167
24-07-2014,33,29,26,26,24,23,94,80,62,1007,1004,1002,10,7,2,26,11, ,0.00,4,Lluvia-Tormenta,116
25-07-2014,33,29,26,26,24,22,89,75,59,1013,1010,1007,10,9,6,24,11, ,0.00,1, ,99
26-07-2014,33,29,26,26,25,23,100,79,55,1013,1010,1007,10,8,5,35,14,47,0.00,1, ,176
27-07-2014,33,30,27,25,24,22,89,76,63,1006,1003,1000,10,10,9,39,21, ,0.00,4,Lluvia-Tormenta,169
28-07-2014,29,27,25,23,20,17,83,66,51,1011,1008,1004,10,10,10,27,18, ,0.00,2, ,133
29-07-2014,31,27,24,21,20,18,78,65,49,1015,1013,1011,10,10,10,29,14, ,0.00,1, ,186
30-07-2014,31,27,24,24,22,20,89,73,55,1017,1015,1014,10,10,10,32,18, ,0.00,1, ,185
31-07-2014,33,29,26,25,24,23,94,77,55,1014,1013,1011,10,10,10,27,16, ,0.00,1, ,184
01-08-2014,32,29,26,25,24,23,89,77,66,1012,1010,1008,10,10,10,37,19,48,0.00,2,Lluvia-Tormenta,188
02-08-2014,33,29,26,25,23,21,89,69,52,1010,1009,1007,10,10,10,27,13, ,0.00,1, ,161
03-08-2014,35,31,27,25,23,21,79,65,46,1009,1008,1006,10,10,10,39,16, ,0.00,1, ,188
04-08-2014,34,30,27,24,23,22,79,66,55,1008,1007,1005,10,10,10,40,27,61,0.00,4, ,208
05-08-2014,35,31,28,24,23,23,74,64,49,1007,1006,1004,10,10,10,48,34,71,0.00,1, ,209
06-08-2014,34,30,27,24,23,22,79,67,55,1006,1005,1004,10,10,10,48,34,64,0.00,1, ,202
07-08-2014,32,29,26,24,23,21,83,69,59,1008,1006,1005,10,10,10,42,32,60,0.00,1, ,191
08-08-2014,31,28,26,24,23,20,83,70,52,1010,1008,1007,10,10,10,32,19, ,0.00,4,Lluvia,197
09-08-2014,28,26,23,24,22,21,94,84,74,1012,1011,1009,10,9,4,35,21, ,0.00,6,Lluvia,44
10-08-2014,31,26,22,26,24,21,100,88,70,1009,1001,996,10,8,2,60,29,80,0.00,5,Lluvia,151
11-08-2014,31,29,27,25,23,22,84,74,62,1001,997,996,10,10,10,52,42,71,0.00,2, ,196
12-08-2014,29,26,22,25,23,21,94,84,70,1007,1004,1001,10,9,5,39,24, ,0.00,5,Lluvia,210
13-08-2014,29,26,22,24,22,21,94,81,66,1011,1009,1007,10,9,5,23,13, ,0.00,5,Lluvia,125
14-08-2014,29,27,25,25,24,23,94,89,74,1011,1010,1010,10,7,2,21,8, ,0.00,5,Lluvia-Tormenta,231
15-08-2014,33,29,26,25,24,23,94,74,59,1010,1007,1005,10,10,10,48,27,64,0.00,1, ,199
16-08-2014,33,28,23,26,24,22,94,81,66,1012,1008,1006,10,10,9,37,26,58,0.00,4,Lluvia,165
17-08-2014,32,27,23,25,23,22,94,83,59,1015,1012,1011,10,8,5,29,18, ,0.00,4, ,63
18-08-2014,33,29,26,26,24,22,94,75,62,1015,1014,1013,10,10,10,40,19,53,0.00,3, ,191
19-08-2014,33,30,27,25,23,22,79,70,58,1014,1013,1011,10,10,10,37,23,50,0.00,1, ,200
20-08-2014,33,30,27,26,24,23,89,75,63,1014,1012,1010,10,10,10,32,16, ,0.00,1, ,182
21-08-2014,32,29,26,25,24,23,89,76,62,1012,1011,1010,10,10,10,37,14, ,0.00,1, ,170
22-08-2014,34,30,26,25,24,22,89,74,56,1012,1010,1008,10,10,10,35,18,47,0.00,1, ,187
23-08-2014,30,28,25,24,22,20,84,75,62,1012,1010,1009,10,10,10,39,21,53,0.00,3,Lluvia,205
24-08-2014,31,28,26,24,22,21,78,72,58,1011,1010,1008,10,10,10,35,18, ,0.00,2, ,200
25-08-2014,27,26,25,24,22,21,89,77,70,1010,1010,1008,10,10,10,29,14, ,0.00,6,Lluvia,86
26-08-2014,26,24,23,24,23,21,94,84,78,1010,1008,1006,10,9,7,35,14, ,0.00,6,Lluvia,74
27-08-2014,24,22,20,21,19,19,94,88,78,1016,1014,1010,10,9,3,34,24, ,0.00,6,Lluvia,8
28-08-2014,22,21,20,21,19,19,100,92,88,1015,1015,1014,10,7,3,27,19, ,0.00,6,Lluvia,13
29-08-2014,25,23,21,21,20,20,100,86,74,1016,1015,1014,10,9,4,24,18, ,0.00,6,Lluvia,41
30-08-2014,25,22,20,21,19,18,100,85,69,1014,1013,1011,10,9,3,34,23, ,0.00,5,Lluvia,47
31-08-2014,25,23,22,21,19,18,88,79,69,1015,1014,1013,10,10,10,26,14, ,0.00,4,Lluvia,43
01-09-2014,23,21,20,21,20,19,100,89,78,1015,1014,1012,10,8,2,29,19, ,0.00,6,Lluvia,26
02-09-2014,28,24,20,22,19,19,94,79,62,1016,1013,1010,10,10,10,27,19, ,0.00,3,Niebla-Lluvia,51
03-09-2014,26,23,22,20,19,18,83,76,65,1016,1015,1014,10,10,10,27,16, ,0.00,3, ,71
04-09-2014,28,24,22,21,20,19,88,75,62,1015,1013,1012,10,10,10,27,14, ,0.00,4, ,128
05-09-2014,30,27,24,25,23,21,89,79,70,1013,1011,1009,10,10,10,37,19, ,0.00,3,Lluvia,180
06-09-2014,29,27,25,25,24,22,94,85,74,1012,1011,1009,10,9,3,24,11, ,0.00,4,Lluvia-Tormenta,89
07-09-2014,25,22,20,24,20,18,94,90,78,1010,1008,1007,10,8,3,27,13, ,0.00,6,Lluvia-Tormenta,25
08-09-2014,23,21,20,20,19,18,94,84,78,1008,1006,1005,10,9,7,26,11, ,0.00,5,Lluvia,44
09-09-2014,26,23,20,20,19,18,94,81,61,1008,1004,1003,10,9,3,34,26,48,0.00,4,Lluvia,32
10-09-2014,26,23,22,21,20,17,88,79,69,1010,1009,1008,10,10,10,27,11, ,0.00,5,Lluvia-Tormenta,126
11-09-2014,23,21,20,21,20,18,94,88,78,1011,1010,1008,10,8,1,23,10,34,0.00,5,Lluvia,324
12-09-2014,26,22,19,18,17,15,88,71,54,1011,1010,1008,10,10,10,24,13, ,0.00,3, ,92
13-09-2014,26,23,21,19,17,15,83,71,57,1011,1010,1009,10,10,10,34,16, ,0.00,3,Lluvia,47
14-09-2014,26,23,20,19,17,16,83,70,57,1014,1012,1011,10,10,10,21,14, ,0.00,2,Lluvia,65
15-09-2014,26,23,21,20,18,16,83,72,54,1015,1013,1011,10,10,10,24,13, ,0.00,4, ,100
16-09-2014,28,24,22,21,19,17,88,74,51,1012,1011,1009,10,10,10,24,13, ,0.00,3, ,179
17-09-2014,26,23,21,21,17,15,88,70,57,1015,1013,1011,10,10,10,29,18, ,0.00,5, ,44
18-09-2014,24,22,20,16,12,4,78,56,31,1012,1011,1009,10,10,10,29,21, ,0.00,5,Lluvia,25
19-09-2014,23,21,20,13,10,6,57,47,38,1014,1012,1011,10,10,10,21,11, ,0.00,2, ,31
20-09-2014,22,21,20,15,13,10,73,64,49,1015,1013,1011,10,10,10,23,16, ,0.00,7,Lluvia,16
21-09-2014,24,20,17,16,13,11,78,63,47,1017,1016,1014,10,10,10,26,16, ,0.00,1, ,67
22-09-2014,25,22,19,18,16,13,83,71,47,1019,1016,1014,10,10,10,27,10, ,0.00,2,Lluvia,94
23-09-2014,25,21,18,16,14,12,78,65,50,1022,1020,1018,10,10,10,27,14, ,0.00,2, ,72
24-09-2014,26,23,20,20,18,15,94,78,61,1019,1015,1011,10,9,4,39,16,55,0.00,5,Lluvia,168
25-09-2014,28,24,22,24,21,17,94,81,61,1011,1004,999,10,9,5,48,37,69,0.00,5,Lluvia,190
26-09-2014,27,23,20,23,17,15,88,72,54,1020,1013,1000,10,10,10,39,23, ,0.00,3,Lluvia,52
27-09-2014,23,20,18,16,14,13,78,70,60,1022,1019,1016,10,10,10,34,27, ,0.00,4, ,22
28-09-2014,25,21,18,17,16,13,77,69,57,1016,1011,1008,10,10,10,34,26,48,0.00,3, ,15
29-09-2014,27,23,21,18,15,13,78,62,42,1010,1008,1006,10,10,10,32,24, ,0.00,3, ,40
30-09-2014,26,23,20,20,17,14,83,69,57,1014,1011,1010,10,10,10,21,13, ,0.00,3,Lluvia,141
01-10-2014,26,23,20,21,18,16,94,83,61,1018,1016,1010,10,9,7,32,14, ,0.00,6,Lluvia,45
02-10-2014,22,20,19,20,18,16,94,83,73,1017,1014,1009,10,9,5,23,11, ,0.00,6,Lluvia,98
03-10-2014,28,24,22,22,21,18,94,77,61,1009,1006,1004,10,10,8,42,26,58,0.00,1, ,191
04-10-2014,25,24,23,22,18,17,94,74,69,1018,1012,1006,10,10,10,27,13, ,0.00,5, ,66
05-10-2014,22,19,16,18,16,15,100,91,64,1021,1017,1009,10,5,3,40,29, ,0.00,6,Lluvia-Tormenta,13
06-10-2014,26,21,16,23,18,13,100,91,50,1010,995,974,10,5,0,85,31,113,0.00,5,Lluvia-Tormenta,328
07-10-2014,22,20,18,17,14,13,88,73,60,1021,1016,1008,10,10,10,29,24, ,0.00,5,Lluvia,64
08-10-2014,22,19,17,16,14,12,83,71,53,1022,1021,1020,10,10,10,24,13, ,0.00,4, ,49
09-10-2014,22,20,18,17,16,14,88,75,60,1023,1022,1021,10,10,10,21,13, ,0.00,6,Lluvia,72
10-10-2014,25,21,18,18,15,13,94,66,50,1021,1019,1018,10,10,10,27,11, ,0.00,1, ,219
11-10-2014,21,19,18,17,15,13,88,73,60,1025,1022,1019,10,10,10,27,19, ,0.00,2, ,66
12-10-2014,20,18,17,13,12,10,77,66,52,1026,1024,1020,10,10,10,24,16, ,0.00,4, ,72
13-10-2014,24,20,16,22,16,12,100,87,68,1020,1006,989,10,7,2,61,18,82,0.00,6,Lluvia,48
14-10-2014,27,23,19,22,14,8,94,61,37,1011,996,984,10,9,4,64,42,93,0.00,4,Lluvia,313
15-10-2014,19,17,14,12,10,7,82,67,52,1019,1016,1011,10,10,10,32,23, ,0.00,6,Lluvia,21
16-10-2014,19,17,14,16,12,9,94,75,63,1018,1015,1012,10,10,10,26,18, ,0.00,4,Lluvia,29
17-10-2014,23,18,14,15,9,2,100,60,31,1020,1015,1012,10,10,7,32,13, ,0.00,2, ,342
18-10-2014,20,17,14,12,7,3,68,51,37,1025,1022,1020,10,10,10,27,18, ,0.00,2, ,42
19-10-2014,21,18,15,14,10,7,82,61,46,1028,1026,1025,10,10,10,19,11, ,0.00,2, ,46
20-10-2014,24,20,16,15,14,12,83,69,53,1026,1023,1021,10,10,9,27,10, ,0.00,4,Lluvia,291
21-10-2014,22,19,17,19,17,14,94,84,73,1021,1016,1011,10,9,4,34,13,52,0.00,5,Lluvia,181
22-10-2014,22,18,14,18,16,13,100,92,73,1015,1011,1009,10,6,2,37,26,50,0.00,6,Lluvia,18
23-10-2014,15,14,13,13,12,10,94,83,72,1020,1017,1014,10,10,8,35,29, ,0.00,6,Lluvia,12
24-10-2014,19,17,14,13,11,10,82,70,56,1023,1021,1019,10,10,10,23,13, ,0.00,3,Lluvia,51
25-10-2014,20,17,13,17,14,11,94,80,64,1024,1022,1021,10,10,7,14,8, ,0.00,2, ,63
26-10-2014,24,20,17,18,16,12,94,78,65,1022,1019,1014,10,10,8,19,8, ,0.00,5,Lluvia,97
27-10-2014,23,19,16,19,13,5,100,72,45,1014,1010,1007,10,9,6,47,14,61,0.00,3, ,322
28-10-2014,19,17,14,6,2,-1,55,39,28,1021,1017,1012,10,10,10,42,31,63,0.00,1, ,342
29-10-2014,20,16,12,13,4,-1,82,45,30,1025,1023,1021,10,10,10,24,16, ,0.00,1, ,324
30-10-2014,20,16,12,16,9,4,88,62,48,1028,1026,1025,10,10,10,16,11, ,0.00,2, ,45
31-10-2014,20,18,16,16,13,9,94,72,59,1025,1023,1021,10,9,6,13,8, ,0.00,6,Lluvia,13
01-11-2014,19,17,16,16,15,13,100,88,73,1021,1016,1010,10,5,2,19,10, ,0.00,6,Lluvia,7
02-11-2014,22,19,16,19,17,14,94,82,60,1010,1003,997,10,9,6,45,16,61,0.00,5,Lluvia,214
03-11-2014,22,18,15,16,8,1,88,51,35,1011,1004,997,10,10,10,35,23,53,0.00,4, ,349
04-11-2014,19,16,13,10,4,1,63,47,35,1023,1018,1012,10,10,10,29,21, ,0.00,1, ,12
05-11-2014,17,14,13,11,8,4,68,59,51,1024,1022,1019,10,10,10,27,21, ,0.00,4,Lluvia,356
06-11-2014,20,18,15,17,13,9,94,77,63,1019,1014,1009,10,9,5,24,18, ,0.00,6,Lluvia,360
07-11-2014,21,18,15,14,7,3,77,48,35,1025,1017,1008,10,10,10,35,23, ,0.00,3, ,345
08-11-2014,15,14,14,10,6,3,72,55,45,1028,1026,1025,10,10,10,26,18, ,0.00,6,Lluvia,351
09-11-2014,17,16,14,13,11,9,88,78,67,1025,1021,1016,10,9,7,16,10, ,0.00,6,Lluvia,358
10-11-2014,21,17,14,15,12,8,94,71,43,1018,1015,1014,10,9,5,26,11, ,0.00,4,Lluvia,25
11-11-2014,16,14,14,10,8,6,72,64,55,1018,1015,1012,10,10,10,27,19, ,0.00,6,Lluvia,358
12-11-2014,18,14,12,14,11,7,94,82,55,1011,1006,1002,10,8,5,21,11, ,0.00,4,Lluvia,1
13-11-2014,20,16,12,10,3,-3,82,45,29,1011,1005,1001,10,10,10,34,18, ,0.00,1, ,271
14-11-2014,15,11,8,6,0,-4,63,43,33,1016,1014,1012,10,10,10,21,11, ,0.00,1, ,261
15-11-2014,16,12,9,4,0,-3,62,42,29,1023,1019,1016,10,10,10,27,13, ,0.00,1, ,342
16-11-2014,15,12,10,6,2,-2,63,50,41,1025,1023,1021,10,10,10,27,18, ,0.00,3, ,58
17-11-2014,16,13,10,8,4,2,67,57,47,1021,1017,1013,10,10,10,34,13,50,0.00,4, ,304
18-11-2014,16,13,10,5,1,-3,62,44,29,1020,1016,1013,10,10,10,35,21,55,0.00,3,Lluvia,340
19-11-2014,15,12,10,3,-2,-5,58,39,29,1026,1022,1020,10,10,10,32,24,50,0.00,1, ,346
20-11-2014,12,10,8,9,5,0,94,73,54,1027,1025,1024,10,8,4,24,14, ,0.00,4,Lluvia,341
21-11-2014,16,12,9,11,8,4,88,73,58,1027,1025,1024,10,10,10,23,14, ,0.00,3, ,7
22-11-2014,17,13,11,12,9,6,88,72,59,1025,1022,1020,10,10,10,19,10, ,0.00,2, ,347
23-11-2014,18,14,10,12,8,4,77,66,48,1024,1021,1020,10,10,8,27,13, ,0.00,1, ,13
24-11-2014,15,13,12,9,8,6,77,68,59,1024,1020,1016,10,10,10,19,13, ,0.00,4, ,3
25-11-2014,13,11,10,11,9,7,94,87,76,1016,1014,1013,10,8,4,39,13, ,0.00,5,Lluvia,346
26-11-2014,10,9,9,9,8,7,94,90,82,1015,1013,1011,10,6,3,47,32,64,0.00,6,Lluvia,340
27-11-2014,16,13,10,11,8,6,87,74,59,1024,1019,1013,10,10,10,32,18, ,0.00,2,Lluvia,36
28-11-2014,16,13,12,14,11,10,94,83,72,1026,1023,1019,10,10,10,23,8, ,0.00,5,Lluvia,55
29-11-2014,20,16,12,17,12,10,100,90,77,1019,1013,1010,10,7,3,32,11,42,0.00,3,Lluvia,353
30-11-2014,16,14,13,13,12,10,94,81,68,1019,1015,1011,10,10,8,23,14, ,0.00,3,Lluvia,61
01-12-2014,19,16,13,16,13,10,100,93,77,1010,999,991,10,6,1,26,10,40,0.00,5,Lluvia,310
02-12-2014,14,10,7,9,-1,-5,72,45,31,1008,1002,995,10,10,10,42,31,63,0.00,1, ,235
03-12-2014,13,9,6,-3,-5,-8,49,36,26,1015,1012,1008,10,10,10,42,29,55,0.00,1, ,225
04-12-2014,14,11,9,9,5,-3,94,67,40,1014,1009,1004,10,9,6,39,23,52,0.00,6,Lluvia,234
05-12-2014,14,10,7,5,0,-7,81,54,27,1007,1004,1002,10,10,10,26,13, ,0.00,3, ,287
06-12-2014,9,6,3,-1,-3,-6,61,51,34,1011,1008,1006,10,10,10,24,13, ,0.00,2, ,336
07-12-2014,11,6,2,-2,-5,-8,70,44,28,1023,1018,1011,10,10,10,23,14, ,0.00,2, ,335
08-12-2014,10,8,5,3,-1,-4,66,54,49,1026,1023,1022,10,10,10,23,11, ,0.00,3, ,22
09-12-2014,13,9,6,1,-2,-6,66,47,33,1026,1023,1020,10,10,10,47,19,63,0.00,1, ,341
10-12-2014,11,8,6,2,-3,-7,54,44,35,1029,1026,1023,10,10,10,35,18, ,0.00,4,Lluvia,2
11-12-2014,17,12,7,15,8,-1,94,75,53,1022,1011,1004,10,10,5,40,14,60,0.00,5,Lluvia,236
12-12-2014,12,10,8,4,0,-3,62,49,40,1012,1010,1007,10,10,10,37,21,53,0.00,6, ,8
13-12-2014,13,8,4,3,-2,-5,87,55,30,1011,1009,1006,10,10,10,39,13, ,0.00,1, ,263
14-12-2014,8,4,2,-3,-4,-5,70,50,43,1019,1016,1011,10,10,10,19,13, ,0.00,2, ,7
15-12-2014,10,6,2,0,-4,-6,61,48,35,1026,1023,1019,10,10,10,23,11, ,0.00,2, ,10
16-12-2014,8,6,4,5,1,-5,93,76,49,1025,1007,990,10,8,3,40,14, ,0.00,5,Lluvia,352
17-12-2014,9,6,3,4,-6,-10,81,44,29,1003,998,994,10,10,10,50,32,64,0.00,1, ,234
18-12-2014,9,4,1,-7,-11,-15,52,34,18,1024,1013,1003,10,10,10,40,18,53,0.00,1, ,301
19-12-2014,8,4,2,1,-5,-10,66,47,33,1031,1028,1024,10,10,10,27,16, ,0.00,2, ,93
20-12-2014,9,7,5,7,2,-4,93,75,49,1027,1015,1003,10,7,2,26,11, ,0.00,6,Lluvia,354
21-12-2014,12,8,5,6,3,0,93,66,47,1010,1008,1004,10,10,10,23,11, ,0.00,2, ,346
22-12-2014,11,7,4,4,-5,-11,81,44,22,1011,1009,1007,10,10,10,27,16,45,0.00,1, ,241
23-12-2014,11,7,4,-2,-5,-8,56,42,30,1022,1018,1011,10,10,10,26,16, ,0.00,1, ,327
24-12-2014,14,9,4,2,-2,-6,66,53,27,1022,1015,1007,10,10,10,19,10, ,0.00,3, ,358
25-12-2014,10,8,6,-1,-3,-8,61,45,34,1015,1011,1007,10,10,10,29,18, ,0.00,4,Lluvia,347
26-12-2014,9,6,2,-5,-7,-10,52,38,25,1020,1017,1015,10,10,10,32,21, ,0.00,2, ,344
27-12-2014,8,6,4,-6,-8,-12,49,36,29,1027,1024,1020,10,10,10,40,27,60,0.00,1, ,341
28-12-2014,8,4,1,-1,-4,-7,60,51,42,1026,1022,1017,10,10,10,16,11, ,0.00,3, ,351
29-12-2014,8,6,4,5,2,-4,93,80,49,1017,1008,1003,10,9,4,27,13, ,0.00,6,Lluvia,344
30-12-2014,11,7,4,7,4,1,93,74,62,1009,1007,1004,10,10,10,21,8, ,0.00,2, ,88
31-12-2014,12,7,3,5,2,-1,93,67,41,1011,1006,994,10,10,7,42,11,61,0.00,2, ,213
